<?xml version="1.0" encoding="UTF-8" standalone="no" ?>
<COLLADA xmlns="http://www.collada.org/2005/11/COLLADASchema" version="1.4.1">
    <asset>
        <contributor>
            <authoring_tool>SketchUp 14.0.4900</authoring_tool>
        </contributor>
        <created>2014-06-06T13:37:53Z</created>
        <modified>2014-06-06T13:37:53Z</modified>
        <unit meter="0.0254" name="inch" />
        <up_axis>Z_UP</up_axis>
    </asset>
    <library_visual_scenes>
        <visual_scene id="ID1">
            <node name="SketchUp">
                <node id="ID2" name="instance_0">
                    <matrix>1 0 0 -1.344962 0 1 0 2.241484 0 0 1 0 0 0 0 1</matrix>
                    <instance_node url="#ID3" />
                </node>
            </node>
        </visual_scene>
    </library_visual_scenes>
    <library_nodes>
        <node id="ID3" name="Evergreen_magnolia_tree_high_polygon">
            <node id="ID4" name="instance_1">
                <matrix>-0.9960411 0.0858653 0.02300754 7.392441 -0.0888943 -0.9621018 -0.2577944 60.68844 -6.591949e-017 -0.258819 0.9659258 58.84611 0 0 0 1</matrix>
                <instance_node url="#ID5" />
            </node>
            <node id="ID28" name="instance_14">
                <matrix>-0.7477981 0.6639262 -2.775558e-017 -18.60847 -0.6639262 -0.7477981 -2.775558e-017 45.84702 -3.918322e-017 -2.327912e-018 1 69.34443 0 0 0 1</matrix>
                <instance_node url="#ID29" />
            </node>
            <node id="ID47" name="instance_23">
                <matrix>-0.9258496 -0.2805472 0.2531715 15.6221 0.01792549 -0.7018076 -0.712141 -52.09251 0.3774668 -0.6547972 0.6547972 126.4652 0 0 0 1</matrix>
                <instance_node url="#ID48" />
            </node>
            <node id="ID72" name="instance_37">
                <matrix>0.8660254 -2.775558e-017 0.5 21.67288 0.25 0.8660254 -0.4330127 -44.80146 -0.4330127 0.5 0.75 163.5171 0 0 0 1</matrix>
                <instance_node url="#ID48" />
            </node>
            <node id="ID73" name="instance_38">
                <matrix>-0.6852959 0.5149609 -0.5149609 10.86688 -0.7282647 -0.4845774 0.4845774 47.00807 4.302114e-015 0.7071068 0.7071068 187.7952 0 0 0 1</matrix>
                <instance_node url="#ID48" />
            </node>
            <node id="ID74" name="instance_39">
                <matrix>-0.850436 -0.2187018 -0.4784644 -16.9596 0.1906061 -0.9757917 0.107237 45.05494 -0.4903346 1.056377e-013 0.8715343 88.43652 0 0 0 1</matrix>
                <instance_node url="#ID48" />
            </node>
            <node id="ID75" name="instance_40">
                <matrix>0.1849994 -0.962471 -0.198557 63.84644 0.9741809 0.1530005 0.1660194 -48.75023 -0.1294095 -0.2241439 0.9659258 132.6421 0 0 0 1</matrix>
                <instance_node url="#ID5" />
            </node>
            <node id="ID76" name="instance_41">
                <matrix>-0.2395026 -0.9628317 -0.1248741 19.2701 0.6899642 -0.07829951 -0.7195961 11.72563 0.6830724 -0.2585038 0.6830724 187.1142 0 0 0 1</matrix>
                <instance_node url="#ID5" />
            </node>
            <node id="ID77" name="instance_42">
                <matrix>-0.0888943 -0.9621018 -0.2577944 59.9093 0.9960411 -0.0858653 -0.02300754 -5.592441 -5.89806e-017 -0.258819 0.9659258 165.8461 0 0 0 1</matrix>
                <instance_node url="#ID5" />
            </node>
            <node id="ID78" name="instance_43">
                <matrix>-0.7671652 -0.6195928 -0.1660194 45.65764 0.6414496 -0.7410246 -0.198557 34.44873 -2.775558e-017 -0.258819 0.9659258 163.8461 0 0 0 1</matrix>
                <instance_node url="#ID5" />
            </node>
            <node id="ID79" name="instance_44">
                <matrix>0.7671652 0.6195928 0.1660194 -56.05764 -0.6414496 0.7410246 0.198557 -25.44873 9.714451e-017 -0.258819 0.9659258 183.8461 0 0 0 1</matrix>
                <instance_node url="#ID5" />
            </node>
            <node id="ID80" name="instance_45">
                <matrix>-0.1253332 -0.9583092 -0.2567782 30.98422 0.9921147 -0.1210626 -0.03243863 -15.07726 -5.89806e-017 -0.258819 0.9659258 194.8461 0 0 0 1</matrix>
                <instance_node url="#ID5" />
            </node>
            <node id="ID81" name="instance_46">
                <matrix>-0.9980267 0.06065098 0.01625138 6.795255 -0.06279052 -0.9640198 -0.2583083 73.5245 -7.285839e-017 -0.258819 0.9659258 112.8461 0 0 0 1</matrix>
                <instance_node url="#ID5" />
            </node>
            <node id="ID82" name="instance_47">
                <matrix>0.0888943 0.9621018 0.2577944 -57.8093 -0.9960411 0.0858653 0.02300754 5.592441 -4.163336e-017 -0.258819 0.9659258 163.8461 0 0 0 1</matrix>
                <instance_node url="#ID5" />
            </node>
            <node id="ID83" name="instance_48">
                <matrix>0.9960411 -0.0858653 -0.02300754 -5.292441 0.0888943 0.9621018 0.2577944 -58.1093 -4.510281e-017 -0.258819 0.9659258 162.8461 0 0 0 1</matrix>
                <instance_node url="#ID5" />
            </node>
            <node id="ID84" name="instance_49">
                <matrix>-0.9921147 0.1210626 0.03243863 3.092808 -0.1253332 -0.9583092 -0.2567782 59.06024 -7.632783e-017 -0.258819 0.9659258 135.8461 0 0 0 1</matrix>
                <instance_node url="#ID5" />
            </node>
            <node id="ID85" name="instance_50">
                <matrix>0.9921147 -0.1210626 -0.03243863 -2.653283 0.1253332 0.9583092 0.2567782 -61.46867 -3.122502e-017 -0.258819 0.9659258 135.8461 0 0 0 1</matrix>
                <instance_node url="#ID5" />
            </node>
            <node id="ID86" name="instance_51">
                <matrix>-0.7671652 -0.6195928 -0.1660194 56.65764 0.6414496 -0.7410246 -0.198557 48.44873 -2.775558e-017 -0.258819 0.9659258 70.84611 0 0 0 1</matrix>
                <instance_node url="#ID5" />
            </node>
            <node id="ID87" name="instance_52">
                <matrix>0.9960411 -0.0858653 -0.02300754 -5.292441 0.0888943 0.9621018 0.2577944 -74.1093 -4.510281e-017 -0.258819 0.9659258 100.8461 0 0 0 1</matrix>
                <instance_node url="#ID5" />
            </node>
            <node id="ID88" name="instance_53">
                <matrix>0.7671652 0.6195928 0.1660194 -56.05764 -0.6414496 0.7410246 0.198557 -48.44873 9.714451e-017 -0.258819 0.9659258 70.84611 0 0 0 1</matrix>
                <instance_node url="#ID5" />
            </node>
            <node id="ID89" name="instance_54">
                <matrix>-0.2567782 0.9583092 0.1253332 -53.28893 -0.03243863 0.1210626 -0.9921147 -19.04748 -0.9659258 -0.258819 3.289036e-015 180.7388 0 0 0 1</matrix>
                <instance_node url="#ID5" />
            </node>
            <node id="ID90" name="instance_55">
                <matrix>0.6414496 -0.7410246 -0.198557 48.74873 0.7671652 0.6195928 0.1660194 -56.35764 -2.775558e-017 -0.258819 0.9659258 70.84611 0 0 0 1</matrix>
                <instance_node url="#ID5" />
            </node>
            <node id="ID91" name="instance_56">
                <matrix>-0.6414496 0.7410246 0.198557 -48.14873 -0.7671652 -0.6195928 -0.1660194 56.35764 4.163336e-017 -0.258819 0.9659258 70.84611 0 0 0 1</matrix>
                <instance_node url="#ID5" />
            </node>
            <node id="ID92" name="instance_57">
                <matrix>0.0888943 0.9621018 0.2577944 -73.8093 -0.9960411 0.0858653 0.02300754 5.592441 -4.163336e-017 -0.258819 0.9659258 92.84611 0 0 0 1</matrix>
                <instance_node url="#ID5" />
            </node>
            <node id="ID93" name="instance_58">
                <matrix>-0.3875156 -0.9218632 4.857226e-017 49.39792 0.9218632 -0.3875156 2.775558e-017 2.840775 -6.764336e-018 5.553269e-017 1 57.34443 0 0 0 1</matrix>
                <instance_node url="#ID29" />
            </node>
            <node id="ID94" name="instance_59">
                <matrix>0.2293859 0.568897 -0.789771 -44.86796 -0.454015 -0.6551885 -0.6038199 43.18479 -0.8609602 0.4970756 0.1079967 143.5675 0 0 0 1</matrix>
                <instance_node url="#ID5" />
            </node>
            <node id="ID95" name="instance_60">
                <matrix>-0.5251209 0.5147551 -0.6776985 -46.07012 -0.7682456 0.0558623 0.6377131 21.45833 0.3661239 0.8555154 0.3661239 176.3865 0 0 0 1</matrix>
                <instance_node url="#ID48" />
            </node>
            <node id="ID96" name="instance_61">
                <matrix>1 0 0 -16.57069 0 1 0 -46.9623 0 0 1 51.27903 0 0 0 1</matrix>
                <instance_node url="#ID29" />
            </node>
            <node id="ID97" name="instance_62">
                <matrix>-0.1882943 0.9533375 -0.2359933 -12.45511 -0.909244 -0.07838511 0.4088168 60.04369 0.371242 0.2915533 0.8815759 133.8893 0 0 0 1</matrix>
                <instance_node url="#ID48" />
            </node>
            <node id="ID98" name="instance_63">
                <matrix>-0.9980267 0.06065098 0.01625138 6.795255 -0.06279052 -0.9640198 -0.2583083 51.5245 -7.285839e-017 -0.258819 0.9659258 173.8461 0 0 0 1</matrix>
                <instance_node url="#ID5" />
            </node>
            <node id="ID99" name="instance_64">
                <matrix>-0.969872 -0.235314 -0.0630522 27.32251 0.243615 -0.9368244 -0.2510213 40.59289 4.857226e-017 -0.258819 0.9659258 140.8461 0 0 0 1</matrix>
                <instance_node url="#ID29" />
            </node>
            <node id="ID100" name="instance_65">
                <matrix>0.7071068 2.775558e-017 -0.7071068 -47.533 -0.3535534 0.8660254 -0.3535534 -48.51562 0.6123725 0.5 0.6123724 156.5539 0 0 0 1</matrix>
                <instance_node url="#ID48" />
            </node>
            <node id="ID101" name="instance_66">
                <matrix>0.2720463 -0.9273919 -0.2567782 59.46681 0.9565992 0.2895958 -0.03243863 -12.81037 0.1044452 -0.236809 0.9659258 133.1221 0 0 0 1</matrix>
                <instance_node url="#ID5" />
            </node>
            <node id="ID102" name="instance_67">
                <matrix>0.563526 0.7979497 0.21381 -47.62402 -0.8260983 0.5443244 0.1458513 -12.17025 5.551115e-017 -0.258819 0.9659258 125.2334 0 0 0 1</matrix>
                <instance_node url="#ID29" />
            </node>
            <node id="ID103" name="instance_68">
                <matrix>0.5431744 -0.770565 -0.3334533 28.37718 0.8396199 0.4985009 0.2157206 -38.08797 -5.551115e-016 -0.3971479 0.9177546 134.9868 0 0 0 1</matrix>
                <instance_node url="#ID29" />
            </node>
            <node id="ID104" name="instance_69">
                <matrix>0.7184473 0.5147551 -0.4678255 -51.68195 -0.5726199 0.0558623 -0.8179156 -15.44277 -0.3948924 0.8555154 0.3348931 103.2945 0 0 0 1</matrix>
                <instance_node url="#ID48" />
            </node>
            <node id="ID105" name="instance_70">
                <matrix>0.5431744 -0.8110105 -0.2173096 30.2949 0.8396199 0.5246662 0.1405839 -39.05972 1.387779e-017 -0.258819 0.9659258 95.18105 0 0 0 1</matrix>
                <instance_node url="#ID29" />
            </node>
            <node id="ID106" name="instance_71">
                <matrix>0.563526 0.7979497 0.21381 -47.98287 -0.8260983 0.5443244 0.1458513 -12.65399 5.551115e-017 -0.258819 0.9659258 89.35449 0 0 0 1</matrix>
                <instance_node url="#ID29" />
            </node>
            <node id="ID107" name="instance_72">
                <matrix>0.3063811 -0.3205411 0.8963169 42.14459 0.09402654 -0.9268039 -0.3635842 -24.99248 0.9472537 0.1956729 -0.2538159 71.57805 0 0 0 1</matrix>
                <instance_node url="#ID48" />
            </node>
            <node id="ID108" name="instance_73">
                <matrix>0.05321632 -0.9628317 0.2648076 -11.21207 -0.9932928 -0.07829951 -0.08508013 55.3615 0.1026522 -0.2585038 -0.9605406 197.6107 0 0 0 1</matrix>
                <instance_node url="#ID5" />
            </node>
            <node id="ID109" name="instance_74">
                <matrix>0.7671652 0.6195928 0.1660194 -56.05764 -0.6414496 0.7410246 0.198557 -48.44873 9.714451e-017 -0.258819 0.9659258 112.8461 0 0 0 1</matrix>
                <instance_node url="#ID5" />
            </node>
            <node id="ID110" name="instance_75">
                <matrix>-0.7671652 -0.6195928 -0.1660194 56.65764 0.6414496 -0.7410246 -0.198557 48.44873 -2.775558e-017 -0.258819 0.9659258 114.8461 0 0 0 1</matrix>
                <instance_node url="#ID5" />
            </node>
            <node id="ID111" name="instance_76">
                <matrix>0.7535634 -0.3998014 0.5218247 55.02163 0.3286876 0.9166018 0.2276084 2.559049 -0.5693037 -2.450121e-008 0.8221273 120.7436 0 0 0 1</matrix>
                <instance_node url="#ID48" />
            </node>
            <node id="ID112" name="instance_77">
                <matrix>-0.0888943 -0.9621018 -0.2577944 74.4093 0.9960411 -0.0858653 -0.02300754 -5.592441 -5.89806e-017 -0.258819 0.9659258 94.84611 0 0 0 1</matrix>
                <instance_node url="#ID5" />
            </node>
            <node id="ID113" name="instance_78">
                <matrix>-0.969872 -0.2388925 -0.04773542 27.26614 0.243615 -0.9510707 -0.1900427 40.98008 -2.775558e-017 -0.1959461 0.9806147 103.9353 0 0 0 1</matrix>
                <instance_node url="#ID29" />
            </node>
            <node id="ID114" name="instance_79">
                <matrix>1 0 0 -3 0 1 0 -2.85317 0 0 1 0 0 0 0 1</matrix>
                <instance_node url="#ID115" />
            </node>
        </node>
        <node id="ID5" name="branch_with_leaves_1">
            <node id="ID6" name="instance_2">
                <matrix>0.7071068 -0.2739278 0.6518923 29.27829 0.6123724 0.6981859 -0.3708591 4.457903 -0.3535534 0.6614378 0.6614378 29.74739 0 0 0 1</matrix>
                <instance_node url="#ID7" />
            </node>
            <node id="ID22" name="instance_8">
                <matrix>-0.02765165 0.4811447 -0.876205 2.864712 -0.7900857 -0.547494 -0.275708 31.22856 -0.6123724 0.6846532 0.3952847 35.15446 0 0 0 1</matrix>
                <instance_node url="#ID7" />
            </node>
            <node id="ID23" name="instance_9">
                <matrix>-0.4156557 -0.4473584 -0.791897 12.72412 0.909522 -0.2044448 -0.3619005 29.49633 7.329289e-009 -0.8706737 0.491861 24.04934 0 0 0 1</matrix>
                <instance_node url="#ID7" />
            </node>
            <node id="ID24" name="instance_10">
                <matrix>-0.5191934 0.7876692 -0.3316858 15.90777 0.824741 0.3599684 -0.4361479 15.08641 -0.2241439 -0.5 -0.8365163 15.28591 0 0 0 1</matrix>
                <instance_node url="#ID7" />
            </node>
            <node id="ID25" name="instance_11">
                <matrix>-0.02765165 0.4712592 0.8815612 31.61163 -0.7900857 0.5299533 -0.3080813 42.02592 -0.6123724 -0.7050279 0.357681 14.23326 0 0 0 1</matrix>
                <instance_node url="#ID7" />
            </node>
            <node id="ID26" name="instance_12">
                <matrix>0.5 -5.273559e-016 0.8660254 23.39814 0.75 0.5 -0.4330127 16.37034 -0.4330127 0.8660254 0.25 17.30942 0 0 0 1</matrix>
                <instance_node url="#ID7" />
            </node>
            <node id="ID27" name="instance_13">
                <matrix>1 -2.233389e-016 -2.498002e-016 12.04259 -1.046638e-016 0.5 -0.8660254 8.600904 3.183173e-016 0.8660254 0.5 24.18814 0 0 0 1</matrix>
                <instance_node url="#ID7" />
            </node>
        </node>
        <node id="ID7" name="leaf_group">
            <node id="ID8" name="instance_3">
                <matrix>0.8 -2.220446e-016 1.110223e-016 4.245278 0 0.8 -1.94289e-016 4.042012 0 -6.938894e-017 0.8 0.03820621 0 0 0 1</matrix>
                <instance_node url="#ID9" />
            </node>
            <node id="ID18" name="instance_4">
                <matrix>0.4 -0.6928203 -9.875559e-006 4.499311 0.6928203 0.4 0.000136682 3.777045 -0.0001134323 -7.689347e-005 0.8 0.03826517 0 0 0 1</matrix>
                <instance_node url="#ID9" />
            </node>
            <node id="ID19" name="instance_5">
                <matrix>-0.5656854 -0.5656854 -0.0001682228 4.915718 0.5656854 -0.5656854 0.0001892572 3.939337 -0.0002527765 1.487354e-005 0.8 0.03831722 0 0 0 1</matrix>
                <instance_node url="#ID9" />
            </node>
            <node id="ID20" name="instance_6">
                <matrix>-0.6928203 0.4 -0.0002599898 4.86673 -0.4 -0.6928203 4.991294e-005 4.38356 -0.0002002013 0.0001732208 0.8 0.03827647 0 0 0 1</matrix>
                <instance_node url="#ID9" />
            </node>
            <node id="ID21" name="instance_7">
                <matrix>0.2070553 0.7727406 -0.0001491447 4.424965 -0.7727407 0.2070552 -7.479213e-005 4.451215 -3.364216e-005 0.0001634203 0.8 0.03820332 0 0 0 1</matrix>
                <instance_node url="#ID9" />
            </node>
        </node>
        <node id="ID9" name="leaflet">
            <instance_geometry url="#ID10">
                <bind_material>
                    <technique_common>
                        <instance_material symbol="Material2" target="#ID11">
                            <bind_vertex_input semantic="UVSET0" input_semantic="TEXCOORD" input_set="0" />
                        </instance_material>
                    </technique_common>
                </bind_material>
            </instance_geometry>
        </node>
        <node id="ID29" name="branch_with_leaves">
            <node id="ID30" name="instance_15">
                <matrix>0.7071068 -0.2739278 0.6518923 29.27829 0.6123724 0.6981859 -0.3708591 4.457903 -0.3535534 0.6614378 0.6614378 29.74739 0 0 0 1</matrix>
                <instance_node url="#ID7" />
            </node>
            <node id="ID31" name="instance_16">
                <matrix>-0.02765165 0.4811447 -0.876205 2.864712 -0.7900857 -0.547494 -0.275708 31.22856 -0.6123724 0.6846532 0.3952847 35.15446 0 0 0 1</matrix>
                <instance_node url="#ID7" />
            </node>
            <node id="ID32" name="instance_17">
                <matrix>1 1.665335e-016 -1.110223e-016 15.21773 0 0.5 -1.03923 43.89817 0 0.8660254 0.6 5.203176 0 0 0 1</matrix>
                <instance_node url="#ID33" />
            </node>
            <node id="ID42" name="instance_18">
                <matrix>-0.4156557 -0.4473584 -0.791897 12.72412 0.909522 -0.2044448 -0.3619005 29.49633 7.329289e-009 -0.8706737 0.491861 24.04934 0 0 0 1</matrix>
                <instance_node url="#ID7" />
            </node>
            <node id="ID43" name="instance_19">
                <matrix>-0.5191934 0.7876692 -0.3316858 15.90777 0.824741 0.3599684 -0.4361479 15.08641 -0.2241439 -0.5 -0.8365163 15.28591 0 0 0 1</matrix>
                <instance_node url="#ID7" />
            </node>
            <node id="ID44" name="instance_20">
                <matrix>-0.02765165 0.4712592 0.8815612 31.61163 -0.7900857 0.5299533 -0.3080813 42.02592 -0.6123724 -0.7050279 0.357681 14.23326 0 0 0 1</matrix>
                <instance_node url="#ID7" />
            </node>
            <node id="ID45" name="instance_21">
                <matrix>0.5 -4.718448e-016 0.8660254 23.39814 0.75 0.5 -0.4330127 16.37034 -0.4330127 0.8660254 0.25 17.30942 0 0 0 1</matrix>
                <instance_node url="#ID7" />
            </node>
            <node id="ID46" name="instance_22">
                <matrix>1 -2.681259e-016 0 12.04259 1.34063e-016 0.5 -0.8660254 8.600904 2.322039e-016 0.8660254 0.5 24.18814 0 0 0 1</matrix>
                <instance_node url="#ID7" />
            </node>
        </node>
        <node id="ID33" name="branch">
            <instance_geometry url="#ID34">
                <bind_material>
                    <technique_common>
                        <instance_material symbol="Material2" target="#ID35">
                            <bind_vertex_input semantic="UVSET0" input_semantic="TEXCOORD" input_set="0" />
                        </instance_material>
                    </technique_common>
                </bind_material>
            </instance_geometry>
        </node>
        <node id="ID48" name="flower">
            <node id="ID49" name="instance_24">
                <matrix>0.08757908 0.9372138 -0.3375798 3.866441 0.9806078 -0.1407538 -0.1363697 3.576006 -0.1753232 -0.3190902 -0.9313663 0.8727832 0 0 0 1</matrix>
                <instance_node url="#ID50" />
            </node>
            <node id="ID61" name="instance_26">
                <matrix>0.08757908 0.9372138 -0.3375798 3.866441 0.9806078 -0.1407538 -0.1363697 3.576006 -0.1753232 -0.3190902 -0.9313663 0.8727832 0 0 0 1</matrix>
                <instance_node url="#ID50" />
            </node>
            <node id="ID62" name="instance_27">
                <matrix>0.9806078 -0.1407538 -0.1363697 3.576006 -0.08757908 -0.9372138 0.3375798 5.868234 -0.1753232 -0.3190902 -0.9313663 0.8727832 0 0 0 1</matrix>
                <instance_node url="#ID50" />
            </node>
            <node id="ID63" name="instance_28">
                <matrix>-0.08757908 -0.9372138 0.3375798 5.868234 -0.9806078 0.1407538 0.1363697 6.158669 -0.1753232 -0.3190902 -0.9313663 0.8727832 0 0 0 1</matrix>
                <instance_node url="#ID50" />
            </node>
            <node id="ID64" name="instance_29">
                <matrix>-0.9806078 0.1407538 0.1363697 6.158669 0.08757908 0.9372138 -0.3375798 3.866441 -0.1753232 -0.3190902 -0.9313663 0.8727832 0 0 0 1</matrix>
                <instance_node url="#ID50" />
            </node>
            <node id="ID65" name="instance_30">
                <matrix>-0.08757908 -0.9372138 0.3375798 5.868234 -0.9806078 0.1407538 0.1363697 6.158669 -0.1753232 -0.3190902 -0.9313663 0.8727832 0 0 0 1</matrix>
                <instance_node url="#ID50" />
            </node>
            <node id="ID66" name="instance_31">
                <matrix>-0.9806078 0.1407538 0.1363697 6.158669 0.08757908 0.9372138 -0.3375798 3.866441 -0.1753232 -0.3190902 -0.9313663 0.8727832 0 0 0 1</matrix>
                <instance_node url="#ID50" />
            </node>
            <node id="ID67" name="instance_32">
                <matrix>-0.5407675 0.780345 -0.3140576 4.968634 0.6285463 0.1267347 -0.7673772 4.018364 -0.559017 -0.6123724 -0.559017 1.643188 0 0 0 1</matrix>
                <instance_node url="#ID50" />
            </node>
            <node id="ID68" name="instance_33">
                <matrix>0.9806078 -0.1407538 -0.1363697 3.576006 -0.08757908 -0.9372138 0.3375798 5.868234 -0.1753232 -0.3190902 -0.9313663 0.8727832 0 0 0 1</matrix>
                <instance_node url="#ID50" />
            </node>
            <node id="ID69" name="instance_34">
                <matrix>0.8147208 -0.280417 -0.5075394 4.081457 0.1540453 -0.739166 0.6556704 5.204099 -0.559017 -0.6123724 -0.559017 1.643188 0 0 0 1</matrix>
                <instance_node url="#ID50" />
            </node>
            <node id="ID70" name="instance_35">
                <matrix>-0.2739533 -0.499928 0.821597 5.551922 -0.7825916 0.6124312 0.1117068 5.379549 -0.559017 -0.6123724 -0.559017 1.643188 0 0 0 1</matrix>
                <instance_node url="#ID50" />
            </node>
            <node id="ID71" name="instance_36">
                <matrix>-0.2739533 -0.499928 0.821597 5.551922 -0.7825916 0.6124312 0.1117068 5.379549 -0.559017 -0.6123724 -0.559017 1.643188 0 0 0 1</matrix>
                <instance_node url="#ID50" />
            </node>
        </node>
        <node id="ID50" name="leaf_group_1">
            <node id="ID51" name="instance_25">
                <matrix>-0.5656854 -0.3394113 -0.0001682228 1.796203 0.5656854 -0.3394113 0.0001892572 0.8198231 -0.0002527765 8.924127e-006 0.8 0.03839924 0 0 0 1</matrix>
                <instance_node url="#ID52" />
            </node>
        </node>
        <node id="ID52" name="leaflet_1">
            <instance_geometry url="#ID53">
                <bind_material>
                    <technique_common>
                        <instance_material symbol="Material2" target="#ID54">
                            <bind_vertex_input semantic="UVSET0" input_semantic="TEXCOORD" input_set="0" />
                        </instance_material>
                    </technique_common>
                </bind_material>
            </instance_geometry>
        </node>
        <node id="ID115" name="trunk">
            <instance_geometry url="#ID116">
                <bind_material>
                    <technique_common>
                        <instance_material symbol="Material2" target="#ID35">
                            <bind_vertex_input semantic="UVSET0" input_semantic="TEXCOORD" input_set="0" />
                        </instance_material>
                    </technique_common>
                </bind_material>
            </instance_geometry>
        </node>
    </library_nodes>
    <library_geometries>
        <geometry id="ID10">
            <mesh>
                <source id="ID13">
                    <float_array id="ID16" count="48">2.865159 10.24487 0.3248321 0.3280238 13.78644 -0.001862296 -2.241026 10.39138 0.3239111 -2.241026 10.39138 0.3239111 0.3280238 13.78644 -0.001862296 2.865159 10.24487 0.3248321 -2.196235 6.919751 0.3250431 2.865159 10.24487 0.3248321 -2.241026 10.39138 0.3239111 0.4455555 0.1094182 0.3257653 2.909596 6.855713 0.3251632 2.909596 6.855713 0.3251632 0.4455555 0.1094182 0.3257653 2.865159 10.24487 0.3248321 -2.196235 6.919751 0.3250431 -2.241026 10.39138 0.3239111</float_array>
                    <technique_common>
                        <accessor count="16" source="#ID16" stride="3">
                            <param name="X" type="float" />
                            <param name="Y" type="float" />
                            <param name="Z" type="float" />
                        </accessor>
                    </technique_common>
                </source>
                <source id="ID14">
                    <float_array id="ID17" count="48">0.002507123 0.09363626 0.9956033 0.002507123 0.09363626 0.9956033 0.002507123 0.09363626 0.9956033 -0.002507123 -0.09363626 -0.9956033 -0.002507123 -0.09363626 -0.9956033 -0.002507123 -0.09363626 -0.9956033 -9.914357e-005 0.0001355876 1 -9.914357e-005 0.0001355876 1 -9.914357e-005 0.0001355876 1 -9.914357e-005 0.0001355876 1 -9.914357e-005 0.0001355876 1 9.914357e-005 -0.0001355876 -1 9.914357e-005 -0.0001355876 -1 9.914357e-005 -0.0001355876 -1 9.914357e-005 -0.0001355876 -1 9.914357e-005 -0.0001355876 -1</float_array>
                    <technique_common>
                        <accessor count="16" source="#ID17" stride="3">
                            <param name="X" type="float" />
                            <param name="Y" type="float" />
                            <param name="Z" type="float" />
                        </accessor>
                    </technique_common>
                </source>
                <vertices id="ID15">
                    <input semantic="POSITION" source="#ID13" />
                    <input semantic="NORMAL" source="#ID14" />
                </vertices>
                <triangles count="8" material="Material2">
                    <input offset="0" semantic="VERTEX" source="#ID15" />
                    <p>0 1 2 3 4 5 6 7 8 7 6 9 7 9 10 11 12 13 12 14 13 15 13 14</p>
                </triangles>
            </mesh>
        </geometry>
        <geometry id="ID34">
            <mesh>
                <source id="ID37">
                    <float_array id="ID40" count="240">1.045721 2.552268 32.4 0 0.5182373 21.6 0.2724534 0.1432373 21.6 0.9558118 2.676018 32.4 0.9558118 2.676018 32.4 1.045721 2.552268 32.4 0 0.5182373 21.6 0.2724534 0.1432373 21.6 1.191198 2.505 32.4 0.7132924 1.421085e-014 21.6 1.191198 2.505 32.4 0.7132924 1.421085e-014 21.6 0 0.9817627 21.6 0.9558118 2.828982 32.4 0.9558118 2.828982 32.4 0 0.9817627 21.6 0 0.5182373 21.6 0.5449069 1.786475 0 0.2724534 0.1432373 21.6 0 2.536475 -2.842171e-014 0 2.536475 -2.842171e-014 0 0.5182373 21.6 0.5449069 1.786475 0 0.2724534 0.1432373 21.6 1.336675 2.552268 32.4 1.154131 0.1432373 21.6 1.336675 2.552268 32.4 1.154131 0.1432373 21.6 0.7132924 1.421085e-014 21.6 1.426585 1.5 -1.421085e-014 0.7132924 1.421085e-014 21.6 1.426585 1.5 -1.421085e-014 0.2724534 1.356763 21.6 1.045721 2.952732 32.4 1.045721 2.952732 32.4 0.2724534 1.356763 21.6 0 0.9817627 21.6 1.776357e-015 3.463525 0 1.776357e-015 3.463525 0 0 0.9817627 21.6 1.426585 0.5182373 21.6 1.426585 2.676018 32.4 1.426585 2.676018 32.4 1.426585 0.5182373 21.6 2.308263 1.786475 7.105427e-015 1.154131 0.1432373 21.6 1.154131 0.1432373 21.6 2.308263 1.786475 7.105427e-015 0.7132924 1.5 21.6 1.191198 3 32.4 1.191198 3 32.4 0.7132924 1.5 21.6 0.2724534 1.356763 21.6 0.5449069 4.213525 7.105427e-015 0.5449069 4.213525 7.105427e-015 0.2724534 1.356763 21.6 1.426585 0.5182373 21.6 2.85317 2.536475 -2.842171e-014 2.85317 2.536475 -2.842171e-014 1.426585 0.5182373 21.6 1.426585 0.9817627 21.6 1.426585 2.828982 32.4 1.426585 2.828982 32.4 1.426585 0.9817627 21.6 1.154131 1.356763 21.6 1.336675 2.952732 32.4 1.336675 2.952732 32.4 1.154131 1.356763 21.6 0.7132924 1.5 21.6 1.426585 4.5 0 0.7132924 1.5 21.6 1.426585 4.5 0 1.426585 0.9817627 21.6 2.85317 3.463525 0 2.85317 3.463525 0 1.426585 0.9817627 21.6 2.308263 4.213525 0 1.154131 1.356763 21.6 1.154131 1.356763 21.6 2.308263 4.213525 0</float_array>
                    <technique_common>
                        <accessor count="80" source="#ID40" stride="3">
                            <param name="X" type="float" />
                            <param name="Y" type="float" />
                            <param name="Z" type="float" />
                        </accessor>
                    </technique_common>
                </source>
                <source id="ID38">
                    <float_array id="ID41" count="240">-0.5856436 -0.7812074 0.2161863 -0.930801 -0.3337529 0.1490589 -0.5631603 -0.7970439 0.218109 -0.9513158 -0.2750239 0.1391408 0.9513158 0.2750239 -0.1391408 0.5856436 0.7812074 -0.2161863 0.930801 0.3337529 -0.1490589 0.5631603 0.7970439 -0.218109 0.008833326 -0.9741877 0.2255665 -0.007750421 -0.974035 0.226265 -0.008833326 0.9741877 -0.2255665 0.007750421 0.974035 -0.226265 -0.961013 0.2738501 0.03821172 -0.9386237 0.3440918 0.02421617 0.9386237 -0.3440918 -0.02421617 0.961013 -0.2738501 -0.03821172 -0.9451378 -0.3252551 -0.03039083 -0.5919634 -0.8030436 -0.06855896 -0.5810126 -0.8109625 -0.06902327 -0.9559828 -0.2921501 -0.02729761 0.9559828 0.2921501 0.02729761 0.9451378 0.3252551 0.03039083 0.5919634 0.8030436 0.06855896 0.5810126 0.8109625 0.06902327 0.6029558 -0.7807441 0.1639603 0.5576594 -0.8121128 0.1717229 -0.6029558 0.7807441 -0.1639603 -0.5576594 0.8121128 -0.1717229 -0.006336005 -0.9975629 -0.06948444 0.006594747 -0.9975908 -0.06905936 0.006336005 0.9975629 0.06948444 -0.006594747 0.9975908 0.06905936 -0.6092267 0.7896228 -0.07306647 -0.5633917 0.8221938 -0.08116139 0.5633917 -0.8221938 0.08116139 0.6092267 -0.7896228 0.07306647 -0.9569872 0.2882338 0.03311703 -0.9436261 0.3288498 0.03778366 0.9436261 -0.3288498 -0.03778366 0.9569872 -0.2882338 -0.03311703 0.9370503 -0.3424267 0.06841499 0.9605434 -0.2727397 0.0544919 -0.9605434 0.2727397 -0.0544919 -0.9370503 0.3424267 -0.06841499 0.6015232 -0.7983435 -0.02859403 0.5735817 -0.8185377 -0.03162329 -0.5735817 0.8185377 0.03162329 -0.6015232 0.7983435 0.02859403 -0.008888311 0.9905067 -0.1371771 0.008208653 0.9904093 -0.1379201 -0.008208653 -0.9904093 0.1379201 0.008888311 -0.9905067 0.1371771 -0.59912 0.7946948 0.09754732 -0.5712913 0.8145677 0.1005267 0.5712913 -0.8145677 -0.1005267 0.59912 -0.7946948 -0.09754732 0.9436891 -0.3293254 0.03155535 0.956761 -0.288611 0.03622292 -0.956761 0.288611 -0.03622292 -0.9436891 0.3293254 -0.03155535 0.9594102 0.2779775 -0.04754493 0.9393862 0.3379531 -0.05780309 -0.9393862 -0.3379531 0.05780309 -0.9594102 -0.2779775 0.04754493 0.5948116 0.7937144 -0.1273447 0.5717651 0.8101508 -0.1293841 -0.5717651 -0.8101508 0.1293841 -0.5948116 -0.7937144 0.1273447 -0.00663503 0.9905003 0.1373504 0.006127874 0.9904461 0.1377643 0.00663503 -0.9905003 -0.1373504 -0.006127874 -0.9904461 -0.1377643 0.9519795 0.2906333 0.09626677 0.9410321 0.3234132 0.09931004 -0.9410321 -0.3234132 -0.09931004 -0.9519795 -0.2906333 -0.09626677 0.5770232 0.8051022 0.1373123 0.5878498 0.7973092 0.1368601 -0.5878498 -0.7973092 -0.1368601 -0.5770232 -0.8051022 -0.1373123</float_array>
                    <technique_common>
                        <accessor count="80" source="#ID41" stride="3">
                            <param name="X" type="float" />
                            <param name="Y" type="float" />
                            <param name="Z" type="float" />
                        </accessor>
                    </technique_common>
                </source>
                <vertices id="ID39">
                    <input semantic="POSITION" source="#ID37" />
                    <input semantic="NORMAL" source="#ID38" />
                </vertices>
                <triangles count="80" material="Material2">
                    <input offset="0" semantic="VERTEX" source="#ID39" />
                    <p>0 1 2 1 0 3 4 5 6 7 6 5 8 2 9 2 8 0 5 10 7 11 7 10 3 12 1 12 3 13 14 4 15 6 15 4 16 17 18 17 16 19 20 21 22 23 22 21 24 9 25 9 24 8 10 26 11 27 11 26 28 17 29 17 28 18 23 30 22 31 22 30 13 32 12 32 13 33 34 14 35 15 35 14 36 19 16 19 36 37 38 39 20 21 20 39 40 24 25 24 40 41 42 43 26 27 26 43 44 28 29 28 44 45 46 47 30 31 30 47 33 48 32 48 33 49 50 34 51 35 51 34 52 37 36 37 52 53 54 55 38 39 38 55 44 56 45 56 44 57 58 47 59 46 59 47 60 41 40 41 60 61 62 63 42 43 42 63 49 64 48 64 49 65 66 50 67 51 67 50 53 68 69 68 53 52 55 54 70 71 70 54 57 72 56 72 57 73 74 58 75 59 75 58 64 61 60 61 64 65 66 67 62 63 62 67 68 76 69 76 68 77 78 70 79 71 79 70 73 77 72 77 73 76 79 74 78 75 78 74</p>
                </triangles>
            </mesh>
        </geometry>
        <geometry id="ID53">
            <mesh>
                <source id="ID56">
                    <float_array id="ID59" count="48">2.865159 10.24487 0.3248321 -2.241026 10.39138 0.3239111 0.3280238 13.78644 -0.001862296 0.3280238 13.78644 -0.001862296 -2.241026 10.39138 0.3239111 2.865159 10.24487 0.3248321 2.865159 10.24487 0.3248321 -2.196235 6.919751 0.3250431 -2.241026 10.39138 0.3239111 0.4455555 0.1094182 0.3257653 2.909596 6.855713 0.3251632 2.909596 6.855713 0.3251632 2.865159 10.24487 0.3248321 0.4455555 0.1094182 0.3257653 -2.196235 6.919751 0.3250431 -2.241026 10.39138 0.3239111</float_array>
                    <technique_common>
                        <accessor count="16" source="#ID59" stride="3">
                            <param name="X" type="float" />
                            <param name="Y" type="float" />
                            <param name="Z" type="float" />
                        </accessor>
                    </technique_common>
                </source>
                <source id="ID57">
                    <float_array id="ID60" count="48">-0.002507123 -0.09363626 -0.9956033 -0.002507123 -0.09363626 -0.9956033 -0.002507123 -0.09363626 -0.9956033 0.002507123 0.09363626 0.9956033 0.002507123 0.09363626 0.9956033 0.002507123 0.09363626 0.9956033 9.914357e-005 -0.0001355876 -1 9.914357e-005 -0.0001355876 -1 9.914357e-005 -0.0001355876 -1 9.914357e-005 -0.0001355876 -1 9.914357e-005 -0.0001355876 -1 -9.914357e-005 0.0001355876 1 -9.914357e-005 0.0001355876 1 -9.914357e-005 0.0001355876 1 -9.914357e-005 0.0001355876 1 -9.914357e-005 0.0001355876 1</float_array>
                    <technique_common>
                        <accessor count="16" source="#ID60" stride="3">
                            <param name="X" type="float" />
                            <param name="Y" type="float" />
                            <param name="Z" type="float" />
                        </accessor>
                    </technique_common>
                </source>
                <vertices id="ID58">
                    <input semantic="POSITION" source="#ID56" />
                    <input semantic="NORMAL" source="#ID57" />
                </vertices>
                <triangles count="8" material="Material2">
                    <input offset="0" semantic="VERTEX" source="#ID58" />
                    <p>0 1 2 3 4 5 6 7 8 7 6 9 9 6 10 11 12 13 13 12 14 15 14 12</p>
                </triangles>
            </mesh>
        </geometry>
        <geometry id="ID116">
            <mesh>
                <source id="ID117">
                    <float_array id="ID120" count="120">2.757295 2.676834 218.4 0 2.85317 0 0.572949 1.089814 0 2.7 2.85317 218.4 2.7 2.85317 218.4 2.757295 2.676834 218.4 0 2.85317 0 0.572949 1.089814 0 2.907295 2.567853 218.4 2.072949 4.440892e-016 0 2.907295 2.567853 218.4 2.072949 4.440892e-016 0 2.757295 3.029505 218.4 0.572949 4.616525 0 0.572949 4.616525 0 2.757295 3.029505 218.4 3.092705 2.567853 218.4 3.927051 0 0 3.092705 2.567853 218.4 3.927051 0 0 2.072949 5.706339 0 2.907295 3.138487 218.4 2.907295 3.138487 218.4 2.072949 5.706339 0 3.242705 2.676834 218.4 5.427051 1.089814 0 3.242705 2.676834 218.4 5.427051 1.089814 0 3.927051 5.706339 0 3.092705 3.138487 218.4 3.092705 3.138487 218.4 3.927051 5.706339 0 6 2.85317 0 3.3 2.85317 218.4 3.3 2.85317 218.4 6 2.85317 0 5.427051 4.616525 0 3.242705 3.029505 218.4 3.242705 3.029505 218.4 5.427051 4.616525 0</float_array>
                    <technique_common>
                        <accessor count="40" source="#ID120" stride="3">
                            <param name="X" type="float" />
                            <param name="Y" type="float" />
                            <param name="Z" type="float" />
                        </accessor>
                    </technique_common>
                </source>
                <source id="ID118">
                    <float_array id="ID121" count="120">-0.8089552 -0.5877403 0.01236169 -0.9999236 4.283573e-016 0.01236169 -0.8089552 -0.5877403 0.01236169 -0.9999236 4.448128e-016 0.01236169 0.9999236 -4.448128e-016 -0.01236169 0.8089552 0.5877403 -0.01236169 0.9999236 -4.283573e-016 -0.01236169 0.8089552 0.5877403 -0.01236169 -0.3089934 -0.9509838 0.01236169 -0.3089934 -0.9509838 0.01236169 0.3089934 0.9509838 -0.01236169 0.3089934 0.9509838 -0.01236169 -0.8089552 0.5877403 0.01236169 -0.8089552 0.5877403 0.01236169 0.8089552 -0.5877403 -0.01236169 0.8089552 -0.5877403 -0.01236169 0.3089934 -0.9509838 0.01236169 0.3089934 -0.9509838 0.01236169 -0.3089934 0.9509838 -0.01236169 -0.3089934 0.9509838 -0.01236169 -0.3089934 0.9509838 0.01236169 -0.3089934 0.9509838 0.01236169 0.3089934 -0.9509838 -0.01236169 0.3089934 -0.9509838 -0.01236169 0.8089552 -0.5877403 0.01236169 0.8089552 -0.5877403 0.01236169 -0.8089552 0.5877403 -0.01236169 -0.8089552 0.5877403 -0.01236169 0.3089934 0.9509838 0.01236169 0.3089934 0.9509838 0.01236169 -0.3089934 -0.9509838 -0.01236169 -0.3089934 -0.9509838 -0.01236169 0.9999236 -3.724846e-016 0.01236169 0.9999236 -3.706773e-016 0.01236169 -0.9999236 3.706773e-016 -0.01236169 -0.9999236 3.724846e-016 -0.01236169 0.8089552 0.5877403 0.01236169 0.8089552 0.5877403 0.01236169 -0.8089552 -0.5877403 -0.01236169 -0.8089552 -0.5877403 -0.01236169</float_array>
                    <technique_common>
                        <accessor count="40" source="#ID121" stride="3">
                            <param name="X" type="float" />
                            <param name="Y" type="float" />
                            <param name="Z" type="float" />
                        </accessor>
                    </technique_common>
                </source>
                <vertices id="ID119">
                    <input semantic="POSITION" source="#ID117" />
                    <input semantic="NORMAL" source="#ID118" />
                </vertices>
